1111111111111111111111111111111111111111111111111111111111111111
1                                    1            1         2221
1                22                 1            1 1        2321
1                22                1            1   1       2221
1    11111111122111111111111112221111111111111111222111111111221                        
1         22            22       2   22    2          1        1
1         22            22                            1        1
1    111122111111111    22  2       2      111111111222111122221                       
1        2   2          22               2          1   1      1
1          2            11        2                1           1
1    1111111   1111111121111111111111122111111112211111111122221
1    1             2          2 2          2              1    1
1    1             2         2 3 2         2              1    1
1    1             2          2 2          2              1    1
12222111 2222211111111     111111111     11111111  1112211112221
1    1   22        2          2 2          2              1    1
1    1   22        2         2 3 2         2              1    1
1    1             2          2 2          2              1    1 
12222111112211221111111221111111111111221111111122112221111    1
1                    2            11                   2       1
1                        2        22    2              2       1
1            22222             2  22  22               2       1
12222111111  22222        2    22 22      111  111122112       1
1                     2      2    22  2                        1
12222  21                 2       22   2   2      222          1
1      22 2                    2  11                           1
11111221     11111111111111111222111     12212222  1111122     1
1222222      1   1   1   1     1      22                       1
1232221 1 1 1 1 1 1 1 1              2222                      1      
1       22222222222                 222222                     1
1       22222222222                 1    1                     1
1111111111111111111111111111111111111111111111111111111111111111